52
956
99
808
267
517
866
702
113
857
557
819
763
711
962
320
364
562
737
451
192
857
593
52
520
935
649
788
543
530
956
606
270
995
92
480
778
644
385
635
260
275
789
443
737
821
836
648
673
131
201
695
642
114
784
973
526
502
983
546
962
687
10
543
778
780
778
249
509
42
224
355
763
995
160
800
71
239
733
728
114
685
344
680
329
566
436
462
72
495
280
483
332
245
12
734
1000
685
932
71
3
329
897
787
897
198
296
420
210
201
872
446
39
652
855
829
977
853
775
496
336
730
995
451
51
496
593
640
523
680
213
879
780
4
624
247
875
721
296
589
557
730
43
174
995
543
571
780
696
624
842
763
76
637
950
772
637
537
680
266
214
967
995
505
882
872
652
260
913
942
518
324
956
996
797
77
621
908
292
816
296
415
590
543
376
38
995
416
913
260
527
775
296
566
977
785
328
515
462
866
539
167
817
415
855
54
143
424
125
502
40
989
464
215
158
355
253
3
623
54
114
336
787
702
344
348
270
652
639
632
259
918
54
539
12
218
201
441
973
55
791
210
443
443
595
368
623
443
204
507
661
18
839
972
368
192
298
47
688
584
52
348
113
87
389
877
907
800
343
29
213
523
711
38
787
424
484
518
319
935
896
280
816
907
355
839
375
877
796
418
299
784
747
376
47
517
601
292
372
723
408
688
57
817
845
763
213
626
717
309
854
845
251
632
437
983
265
581
13
545
648
218
379
437
361
565
956
511
381
915
543
688
866
92
67
901
364
831
94
441
335
970
901
343
57
71
932
546
29
39
142
248
252
298
847
539
319
159
275
873
636
312
284
296
637
958
896
904
763
453
23
649
955
453
10
373
586
688
621
213
151
25
394
66
477
82
229
324
457
52
232
99
549
142
568
714
723
299
639
711
763
121
356
250
932
356
433
696
18
320
730
376
121
623
344
800
452
400
408
381
696
546
622
102
848
566
355
785
904
595
736
487
557
817
284
488
344
983
644
566
67
428
175
857
729
25
958
260
312
355
786
744
717
99
517
965
266
18
18
913
319
139
345
114
855
955
838
673
453
973
515
277
332
55
780
5
318
696
989
9
458
964
571
371
345
695
855
418
739
394
175
55
744
977
922
160
797
996
82
642
299
1000
838
664
410
505
296
530
18
741
379
39
955
864
457
517
160
356
537
602
280
711
380
545
509
320
337
916
248
192
488
797
964
989
263
262
747
688
270
51
839
74
780
250
114
682
829
66
787
609
348
334
453
47
470
25
621
380
544
153
483
499
151
609
219
385
729
526
271
429
99
848
159
230
385
739
687
530
312
808
71
549
622
159
47
204
932
776
622
555
29
680
744
458
71
83
935
32
854
92
718
733
511
92
143
780
955
319
267
94
284
142
932
989
270
169
487
495
871
539
374
711
974
798
526
169
51
42
92
192
654
788
548
239
852
161
367
192
595
636
88
374
565
82
192
55
543
970
958
706
872
380
723
204
904
842
989
100
99
443
74
784
345
727
467
648
449
955
87
661
432
247
893
122
296
435
271
453
950
394
32
214
109
505
394
718
652
742
785
420
897
866
389
639
871
955
106
280
664
415
481
25
51
877
561
872
855
577
847
511
546
788
970
687
201
502
875
477
275
229
622
842
446
773
13
545
57
480
255
374
430
645
111
586
651
80
955
219
128
993
373
525
5
475
622
131
161
103
733
736
420
602
435
55
260
76
685
441
337
29
644
511
570
568
42
796
198
595
873
173
652
791
262
640
816
10
602
76
265
773
864
642
251
83
78
695
882
476
458
495
600
267
204
640
458
901
546
626
92
161
364
897
39
651
838
945
517
348
797
787
299
309
415
645
52
702
730
735
174
99
507
983
570
480
821
506
723
730
958
817
680
539
336
435
308
398
847
289
167
121
968
324
128
545
566
778
92
644
385
43
531
170
721
23
500
644
481
371
763
583
318
78
877
857
836
359
480
174
827
515
266
13
651
972
842
348
266
170
922
280
31
989
595
523
226
505
935
161
571
484
571
249
296
249
51
763
428
514
111
744
878
155
83
834
918
471
606
636
277
789
135
583
263
111
457
252
632
642
170
428
459
160
336
548
967
688
932
797
958
776
201
776
530
100
962
846
354
915
328
299
99
3
252
251
248
446
271
654
568
964
267
299
664
265
82
40
355
778
78
967
399
842
761
546
548
511
245
219
784
55
54
446
967
210
332
514
310
831
324
742
526
483
343
175
706
571
964
480
151
570
827
31
562
471
958
536
718
645
626
855
566
43
334
92
1000
334
3
197
488
621
379
299
864
871
718
635
507
546
411
353
922
652
778
857
158
353
32
475
174
517
94
318
5
170
83
150
819
609
375
734
467
514
733
106
142
548
624
260
995
334
736
364
143
330
632
173
320
229
642
897
544
263
284
555
252
173
255
248
355
277
721
88
993
42
584
542
972
648
517
158
371
472
289
623
462
896
744
744
66
716
111
570
800
901
471
878
92
193
716
513
879
622
125
636
729
377
345
174
28
635
796
714
739
197
723
711
77
142
121
5
637
404
170
773
131
956
263
557
284
82
83
664
583
122
160
121
652
1000
706
23
572
377
479
139
744
103
389
996
729
964
31
334
520
606
344
371
759
135
499
372
789
3
332
845
957
606
404
43
142
555
664
356
896
687
520
640
424
400
335
586
213
51
955
83
99
299
680
904
642
229
531
993
499
875
122
845
711
827
806
192
727
790
143
420
543
345
467
718
741
632
600
654
654
265
145
649
967
875
562
958
214
882
457
744
904
52
636
248
128
232
292
371
175
460
267
855
506
328
348
878
332
252
159
214
569
957
308
566
252
145
262
819
398
790
651
237
606
742
161
284
288
25
150
515
253
47
788
945
32
584
145
747
702
435
210
544
371
57
467
734
499
266
609
610
816
418
716
606
121
514
194
234
408
773
788
609
446
449
320
353
57
735
459
1000
893
39
723
198
652
696
337
817
735
546
514
664
800
137
42
114
797
102
245
80
993
270
796
328
258
962
385
487
617
284
637
729
761
198
182
555
878
428
857
459
695
174
546
320
5
248
562
292
661
612
371
113
1000
400
557
908
882
544
570
480
730
816
153
549
160
400
935
934
336
167
214
47
635
622
151
847
797
696
328
555
817
733
367
47
907
67
502
353
530
549
673
520
159
345
87
747
55
255
609
78
932
29
791
143
589
458
275
52
741
717
648
32
499
666
428
808
182
989
636
372
907
3
730
158
25
275
298
194
806
371
78
645
796
590
511
332
113
773
993
728
453
857
790
159
935
288
67
846
10
457
270
367
18
310
158
593
915
161
462
499
857
845
441
957
557
29
785
249
632
57
12
893
772
877
29
94
410
968
67
224
193
71
882
502
441
160
78
80
121
471
229
31
645
131
583
415
956
570
544
67
54
808
145
215
773
639
823
292
644
424
996
495
367
525
356
696
155
602
773
435
823
229
718
784
355
735
566
288
539
735
992
517
251
66
230
106
345
23
644
776
82
518
918
453
915
31
174
838
280
571
645
25
666
371
730
926
846
420
972
621
82
721
158
846
78
568
950
761
957
398
488
623
877
330
970
500
153
916
52
505
581
577
848
213
568
565
309
427
201
113
716
451
600
871
530
386
545
557
523
204
505
908
623
415
687
523
270
577
271
173
451
747
71
449
435
10
32
332
695
800
103
480
102
967
505
247
284
398
950
4
640
344
763
215
42
415
95
377
145
320
636
139
265
632
173
511
907
789
965
255
213
463
570
266
852
139
385
610
298
441
747
639
537
593
416
296
25
819
131
252
224
548
250
398
806
318
992
600
78
411
901
808
343
250
796
74
420
526
135
198
717
334
651
247
642
965
901
772
51
52
530
609
4
219
266
716
721
356
728
311
334
555
28
593
875
543
661
595
610
9
897
797
3
43
796
848
896
4
941
491
515
177
251
847
621
18
531
415
192
87
252
651
571
788
568
836
386
761
481
672
882
10
893
462
717
610
348
523
480
957
398
877
785
664
169
14
66
4
586
343
142
654
716
723
515
907
229
935
464
113
561
744
457
201
845
95
778
398
18
872
531
739
467
875
623
925
779
237
778
866
609
389
279
483
639
739
374
962
160
197
735
555
742
213
739
518
87
623
399
435
398
449
685
842
194
364
23
773
433
74
55
83
218
972
487
640
741
386
32
483
561
918
55
330
964
122
67
54
95
375
364
114
51
852
424
640
43
372
344
250
561
595
847
520
723
645
436
687
983
741
193
716
457
716
595
182
993
779
776
789
38
723
372
219
74
29
664
896
904
31
57
875
198
292
201
842
234
218
968
404
590
877
418
484
680
908
114
834
480
344
4
945
481
739
901
639
950
852
784
145
808
854
471
839
251
399
696
375
374
561
47
131
150
385
210
636
80
451
318
374
145
593
873
780
839
443
32
673
121
508
525
637
602
12
673
817
623
632
201
356
453
734
368
636
475
518
791
718
922
834
481
237
249
908
852
489
394
989
389
40
111
557
161
479
299
255
626
852
639
204
248
122
960
958
51
80
320
476
922
711
759
956
428
964
791
170
542
418
941
555
570
965
298
956
266
695
251
918
43
418
548
544
18
901
632
470
717
537
800
368
735
354
14
374
357
270
214
318
449
324
229
935
198
908
796
446
848
94
266
80
39
214
232
280
471
252
182
121
721
735
25
398
514
787
787
150
334
453
718
192
562
345
449
364
581
487
441
652
239
432
160
879
379
729
606
424
785
635
446
318
356
169
250
265
109
467
711
247
637
904
901
819
734
551
367
834
545
367
680
83
600
40
685
773
875
568
477
457
789
270
67
915
648
153
462
685
40
95
780
956
593
734
727
648
561
543
215
441
654
648
167
507
239
661
158
857
839
253
688
255
635
714
950
637
368
12
845
29
249
481
204
1000
527
983
984
747
345
637
514
457
288
479
854
113
476
32
557
996
717
934
128
80
808
635
175
399
545
204
553
989
986
908
797
583
429
213
913
776
617
334
428
945
661
437
247
995
913
610
713
789
785
685
262
780
808
996
9
174
741
648
318
622
907
964
318
511
845
847
237
367
5
433
441
348
446
9
428
791
174
733
972
790
214
356
263
651
495
487
467
458
515
967
537
385
847
595
974
198
263
831
742
545
158
239
761
214
775
263
4
312
606
622
467
570
776
82
916
593
284
569
280
984
225
367
996
483
82